%YAML:1.0
---
camL_K: !!opencv-matrix
   rows: 3
   cols: 3
   dt: d
   data: [ 3.5071577093575979e+03, 0., 1.1363958885504680e+03, 0.,
       3.5004392488871772e+03, 8.3735032622964911e+02, 0., 0., 1. ]
camL_kc: !!opencv-matrix
   rows: 1
   cols: 5
   dt: d
   data: [ -4.5569772873099892e-02, -6.5262810440252428e-01,
       3.6337067664249331e-03, 4.6713488966951067e-03,
       4.7525033172870685e+00 ]
camR_K: !!opencv-matrix
   rows: 3
   cols: 3
   dt: d
   data: [ 3.5343280763712155e+03, 0., 9.6446996674210720e+02, 0.,
       3.5301236023886781e+03, 7.8060680976915660e+02, 0., 0., 1. ]
camR_kc: !!opencv-matrix
   rows: 1
   cols: 5
   dt: d
   data: [ -2.2635282876806659e-01, 3.8191907925298141e+00,
       -1.0948677557531286e-04, -9.5530622356830991e-03,
       -2.4515571531708559e+01 ]
R: !!opencv-matrix
   rows: 3
   cols: 3
   dt: d
   data: [ 7.3673104630245367e-01, 6.2731750466354669e-04,
       -6.7618560461373334e-01, 1.2856838500753486e-02,
       9.9980579614059184e-01, 1.4935585272854152e-02,
       6.7606365611372521e-01, -1.9697118480262482e-02,
       7.3657990497006987e-01 ]
T: !!opencv-matrix
   rows: 3
   cols: 1
   dt: d
   data: [ 5.6479026533995898e+02, -3.9124686207118726e+00,
       2.3379289363908705e+02 ]
E: !!opencv-matrix
   rows: 3
   cols: 3
   dt: d
   data: [ -5.6509153162902717e+00, -2.3367042579886768e+02,
       -6.3736794639762371e+00, -2.0959168857437078e+02,
       1.1271403147545799e+01, -5.7410054911186785e+02,
       1.0143854328836138e+01, 5.6468303525072599e+02,
       5.7899182094345623e+00 ]
F: !!opencv-matrix
   rows: 3
   cols: 3
   dt: d
   data: [ 1.3384011043206268e-08, 5.5450311220670368e-07,
       -4.2657935396024058e-04, 4.9700240766630546e-07,
       -2.6779050269999333e-08, 4.2321297138625371e-03,
       -4.8578555977754753e-04, -5.2498992760922521e-03, 1. ]
camL_error: 1.0209780892096720e-01
camR_error: 1.6021756575288645e-01
stereo_error: 2.8375070189069157e-01
